25  10              
1  1  0.6  1  1  0.004  0.5  0.5  0.5
1  1  0.6  1  1  0.0035  0.5  0.5  0.5
1  1  0.6  1  1  0.003  0.5  0.5  0.5
1  1  0.6  1  1  0.0025  0.5  0.5  0.5
1  1  0.6  1  1  0.002  0.5  0.5  0.5
1  1  0.6  1  1  0.0015  0.5  0.5  0.5
0.4  1  0.6  1  1  0.004  0.5  0.5  0.5
0.3  1  0.6  1  1  0.004  0.5  0.5  0.5
0.2  1  0.6  1  1  0.004  0.5  0.5  0.5
0.1  1  0.6  1  1  0.004  0.5  0.5  0.5
0  1  0.6  1  1  0.004  0.5  0.5  0.5
1  1  0.6  1  0.8  0.004  0.5  0.5  0.5
1  1  0.6  1  0.6  0.004  0.5  0.5  0.5
1  1  0.6  1  0.4  0.004  0.5  0.5  0.5
1  1  0.6  1  0.2  0.004  0.5  0.5  0.5
1  1  0.6  1  0  0.004  0.5  0.5  0.5
1  1  0.6  1  1  0.004  0.5  0.5  0.4
1  1  0.6  1  1  0.004  0.5  0.5  0.3
1  1  0.6  1  1  0.004  0.5  0.5  0.2
1  1  0.6  1  1  0.004  0.5  0.5  0.1
1  1  0.6  1  1  0.004  0.5  0.5  0
1  1  0.5  1  1  0.004  0.5  0.5  0.5
1  1  0.4  1  1  0.004  0.5  0.5  0.5
1  1  0.3  1  1  0.004  0.5  0.5  0.5
1  1  0.2  1  1  0.004  0.5  0.5  0.5
1  1  0.1  1  1  0.004  0.5  0.5  0.5